SIZE = 98,
259,211,194,319,276,344,249,344,129,233,180,167,236,329,232,211,299,268,284,329,298,224,344,204,211,261,284,279,204,289,289,211,329,247,329,261,159,329,276,279,227,344,211,126,204,276,314,276,239,218,252,344,301,175,289,344,204,276,261,167,283,239,211,204,160,344,329,289,266,261,289,261,329,215,291,329,344,211,273,146,261,261,261,215,290,204,344,238,305,239,370,266,329,276,306,143,289,
315,204,284,333,391,312,391,263,334,204,291,284,378,177,284,177,320,149,378,333,204,391,202,320,320,286,277,225,345,345,284,378,177,378,320,288,378,333,304,149,391,293,245,268,333,201,333,304,177,204,391,304,298,345,391,257,333,177,216,333,304,284,298,284,391,378,345,324,320,345,320,378,286,167,378,391,293,204,229,320,320,320,286,333,313,391,134,345,304,416,324,378,333,189,281,345,
270,368,193,284,240,363,236,284,261,211,299,277,297,207,350,321,336,349,349,290,283,284,284,170,336,332,284,272,259,224,291,307,266,170,236,266,214,332,293,314,149,218,284,269,364,326,172,287,310,283,353,236,229,356,284,227,316,247,335,189,240,284,169,283,306,211,264,305,211,170,266,172,343,266,283,149,326,234,170,170,170,277,342,284,299,300,356,288,321,310,321,248,357,211,283,
271,276,344,249,344,198,290,113,238,211,329,158,211,245,261,223,329,276,143,344,204,275,261,224,216,204,289,289,211,329,175,329,268,232,329,276,239,204,344,240,177,204,276,266,276,239,137,181,344,248,247,289,344,204,276,191,139,276,239,211,247,227,344,329,289,266,261,289,275,329,224,234,329,344,240,207,159,261,261,261,215,276,268,344,204,289,239,370,266,329,276,255,224,289,
339,283,294,283,321,385,279,347,232,266,236,316,284,200,284,266,193,245,283,284,372,360,173,181,295,270,280,305,266,236,372,366,343,378,312,181,284,283,348,309,325,273,284,193,337,250,216,346,139,352,301,283,318,303,236,289,193,327,294,353,340,303,266,333,277,224,323,372,339,337,284,360,385,348,211,298,343,353,346,264,193,366,283,284,211,248,314,216,266,288,284,337,255,
245,191,333,294,333,276,276,266,234,294,193,333,289,333,319,319,276,224,333,333,149,305,300,333,228,213,193,256,294,196,167,294,196,163,300,333,282,193,276,333,224,334,294,162,294,278,220,322,294,179,326,333,177,294,276,304,162,193,333,241,220,274,121,218,273,138,177,196,189,333,196,220,193,294,276,125,134,125,234,311,333,266,333,326,250,289,278,289,202,333,276,243,
253,245,359,391,344,344,283,127,359,283,391,241,391,223,223,344,134,391,391,274,280,289,391,202,202,283,127,359,289,282,359,296,220,262,391,167,283,344,391,220,391,220,262,359,344,256,262,359,202,234,391,220,359,344,220,262,283,391,316,189,149,236,234,241,221,289,245,280,391,274,304,283,344,344,252,266,256,280,220,391,134,391,234,262,177,234,177,220,391,344,202,
288,270,312,249,249,200,230,270,154,312,232,312,273,273,249,253,312,312,225,256,248,312,170,170,154,230,270,247,236,270,257,143,248,312,253,207,249,312,146,312,240,189,270,249,253,277,270,170,280,312,143,270,249,254,172,154,312,208,253,230,181,139,209,170,247,230,189,312,230,268,207,249,249,200,215,203,165,264,312,253,312,280,181,287,216,232,143,312,249,174,
359,391,344,344,283,255,359,310,391,241,391,134,220,344,266,391,391,354,280,289,391,262,274,299,234,359,367,361,359,373,306,262,391,201,342,344,391,266,391,220,332,359,344,340,262,359,295,113,391,296,359,344,220,321,288,391,334,296,213,327,270,241,317,367,333,332,391,354,379,342,344,344,337,347,340,280,220,391,223,391,202,262,189,234,189,281,391,344,246,
229,185,161,240,345,236,236,301,279,286,345,300,227,359,185,207,279,287,282,177,307,307,236,345,250,345,279,152,345,294,282,231,359,236,130,177,294,316,294,263,222,256,359,304,172,307,359,177,294,265,171,294,263,236,177,187,359,345,307,284,279,307,279,345,240,294,345,359,236,275,152,279,279,279,240,294,196,359,241,308,263,384,284,345,294,309,138,307,
283,204,319,378,316,284,368,340,355,378,367,310,391,283,134,320,355,350,266,345,345,284,378,326,378,320,194,378,333,350,313,391,284,247,224,333,380,345,304,307,329,391,370,177,345,391,234,333,335,273,354,304,284,177,246,391,378,345,324,324,345,320,378,286,362,378,391,284,344,263,320,320,320,296,361,149,391,320,373,308,416,329,378,333,374,204,345,
227,211,329,172,211,255,261,234,329,276,162,344,204,268,261,235,227,204,289,289,211,329,187,329,261,222,329,276,239,204,344,229,167,204,276,274,276,239,153,194,344,259,236,289,344,204,276,204,126,276,239,211,236,216,344,329,289,266,261,289,268,329,215,245,329,344,229,218,141,261,261,261,215,276,257,344,204,289,239,370,266,329,276,266,213,289,
275,329,273,211,328,298,314,329,327,266,344,227,204,261,314,309,204,289,289,211,329,283,329,261,129,329,276,309,269,344,211,181,204,276,342,303,239,261,286,344,330,129,289,344,204,276,293,213,312,239,211,204,160,344,329,289,266,281,289,261,329,215,321,329,344,211,303,199,261,261,261,246,320,204,344,276,334,262,370,286,329,276,335,126,289,
266,236,232,284,170,284,266,201,211,283,284,304,289,179,172,284,211,211,216,266,236,304,296,271,311,226,172,284,283,277,222,284,193,284,193,264,236,211,283,207,281,211,283,284,213,236,211,193,248,200,284,268,283,266,258,177,170,242,304,266,264,284,289,319,277,211,211,272,282,274,149,193,296,283,284,213,132,314,177,266,193,284,264,211,
345,266,378,218,378,234,234,329,127,378,378,266,263,272,378,177,177,266,134,345,282,274,345,289,196,240,378,177,266,329,378,196,378,198,240,345,329,245,240,345,177,245,378,196,345,329,213,240,266,378,300,177,167,226,211,218,210,282,234,263,378,266,296,266,329,329,241,256,245,263,224,378,149,378,245,240,189,211,189,196,378,329,177,
236,207,279,182,345,294,129,359,177,302,287,240,227,198,307,307,236,345,126,345,294,269,345,294,263,177,359,274,218,241,294,229,294,263,126,132,359,263,279,307,359,231,294,143,187,294,263,236,279,265,359,345,307,284,279,307,302,345,261,195,345,359,274,167,202,279,279,279,240,294,294,359,177,307,263,384,284,345,294,218,261,307,
296,264,284,295,295,220,283,284,284,191,282,277,284,211,211,128,266,243,266,203,236,266,193,277,284,283,172,211,284,193,311,271,149,236,249,283,299,236,211,303,284,193,257,211,280,132,149,284,166,283,266,211,181,241,211,215,266,149,289,266,283,172,270,211,170,179,170,200,288,284,283,284,303,216,314,248,266,193,304,211,211,
320,134,378,333,216,391,255,355,341,286,277,275,345,345,285,378,191,378,348,324,378,333,304,213,391,329,289,305,333,134,333,319,222,204,391,304,334,345,391,298,333,177,269,333,308,284,334,321,391,378,345,324,320,345,355,378,319,113,378,391,329,204,278,325,334,327,286,333,348,391,201,345,304,416,324,378,333,113,319,345,
320,218,167,261,241,320,326,311,166,179,320,197,213,248,218,279,326,319,294,333,258,128,320,241,299,261,320,202,320,125,288,279,261,296,172,304,243,241,320,245,279,261,134,277,232,320,290,245,218,283,207,137,272,326,289,288,320,311,340,299,261,261,294,304,296,189,149,320,241,320,177,172,278,128,218,224,320,288,178,
378,333,204,391,234,341,327,286,277,257,345,345,284,378,177,378,334,310,378,333,304,189,391,315,274,290,333,167,333,304,199,204,391,304,320,345,391,283,333,177,248,333,304,284,320,306,391,378,345,324,320,345,341,378,304,113,378,391,315,204,261,320,320,320,286,333,334,391,177,345,304,416,324,378,333,149,304,345,
196,329,245,378,378,340,263,272,378,241,255,284,213,345,354,347,345,361,291,240,378,177,328,329,378,245,378,196,318,345,329,326,240,345,280,127,378,281,345,329,196,306,273,378,320,281,189,313,250,218,302,354,319,318,378,340,367,328,329,329,323,333,326,263,196,378,201,378,177,240,187,211,167,266,378,329,225,
276,245,333,354,340,189,202,333,241,255,284,213,294,354,347,323,361,291,162,333,220,328,288,333,245,333,154,318,294,276,326,162,333,280,220,333,281,294,276,134,306,273,333,320,281,196,313,250,192,302,354,319,318,333,340,367,328,276,277,323,333,326,234,113,347,220,333,121,218,262,183,196,266,333,317,225,
344,204,295,280,215,202,204,289,289,211,329,137,329,288,261,329,276,239,204,344,268,209,233,276,237,276,252,129,143,344,239,273,289,344,222,276,158,177,276,239,211,273,256,344,329,289,266,261,289,295,329,252,205,329,344,268,175,192,261,273,265,215,276,288,344,204,289,239,370,266,329,276,227,252,289,
391,391,256,280,289,391,202,202,283,149,359,274,266,359,282,220,262,391,189,283,344,391,220,391,220,262,359,344,234,262,359,202,255,391,220,359,344,224,262,283,391,316,167,177,215,234,241,202,274,224,280,391,256,289,283,344,344,241,245,241,280,234,391,167,391,255,262,202,234,202,220,391,344,202,
268,320,286,277,137,345,345,284,378,187,378,320,222,378,333,304,167,391,284,204,191,333,274,333,304,177,204,391,304,236,345,391,179,333,204,204,333,304,284,236,246,391,378,345,324,320,345,320,378,286,245,378,391,284,218,204,320,320,320,286,333,257,391,177,345,304,416,324,378,333,266,213,345,
320,341,336,245,345,345,284,378,312,378,320,177,378,333,336,298,391,284,225,202,333,368,333,304,292,315,391,357,177,345,391,213,333,321,254,340,304,284,149,246,391,378,345,324,320,345,320,378,286,348,378,391,284,330,241,320,320,320,286,347,113,391,305,361,304,416,324,378,333,362,204,345,
327,322,320,260,245,209,282,297,218,113,279,218,198,322,320,304,170,261,320,256,355,317,152,279,300,241,343,279,215,347,320,213,307,261,326,174,225,320,220,241,296,164,250,295,180,134,218,166,334,218,241,170,316,261,139,113,134,266,333,320,289,320,347,278,311,300,311,234,348,261,273,
112,286,221,236,271,263,240,341,334,310,348,278,128,286,280,315,274,290,226,286,189,304,240,215,313,138,320,266,280,286,268,240,249,189,293,256,320,307,280,263,299,231,171,288,341,305,304,286,327,355,315,215,261,310,320,313,215,189,334,280,286,208,198,312,174,263,247,286,304,208,
277,220,229,264,272,227,336,329,305,343,272,150,277,289,310,269,285,218,277,202,299,227,202,308,150,315,259,289,278,261,227,241,202,288,248,315,301,289,272,294,224,179,283,336,300,299,277,322,350,310,202,254,305,315,308,207,202,329,289,277,220,189,320,187,272,240,277,299,220,
345,345,284,378,213,378,320,197,378,333,304,191,391,284,204,167,333,290,333,304,181,218,391,304,213,345,391,149,333,227,204,333,304,284,213,246,391,378,345,324,320,345,320,378,286,268,378,391,284,241,204,320,320,320,286,333,234,391,203,345,304,416,324,378,333,283,204,345,
127,211,177,307,277,270,307,284,185,214,345,202,242,289,345,121,345,205,226,307,289,238,246,307,169,251,345,171,307,289,219,210,211,345,258,202,177,219,140,171,203,277,228,226,345,260,292,242,289,289,235,249,238,208,230,345,202,345,251,181,246,178,197,140,345,289,128,
211,177,307,266,256,307,274,170,229,345,202,227,289,345,121,345,221,211,307,289,224,261,307,146,266,345,149,307,289,234,194,211,345,258,202,189,204,140,187,186,266,213,211,345,245,282,227,289,289,220,234,224,208,245,345,202,345,266,181,246,196,213,121,345,289,147,
266,236,266,220,236,266,193,264,284,283,189,211,284,193,300,256,172,236,233,283,288,236,211,291,284,193,241,211,269,149,128,284,175,283,266,211,177,225,211,231,266,172,284,266,283,189,256,211,181,198,185,181,277,284,283,284,291,200,314,232,266,193,293,211,211,
345,296,289,345,304,216,240,378,149,269,329,378,196,378,196,254,345,329,266,240,345,199,223,378,202,345,329,196,240,266,378,300,202,134,247,211,218,231,296,256,263,378,282,311,269,329,329,263,274,266,263,202,378,127,378,223,240,187,211,167,196,378,329,177,
345,304,279,345,294,263,177,359,284,232,256,294,214,294,273,143,129,359,263,289,307,359,245,294,126,203,294,263,236,289,275,359,345,307,284,279,307,312,345,273,178,345,359,284,143,217,279,289,282,240,294,304,359,177,307,263,384,284,345,294,203,273,307,
218,345,113,221,336,378,319,266,329,378,274,378,331,240,345,329,167,357,345,236,361,378,234,345,329,340,240,266,378,300,234,311,187,270,310,205,218,177,263,378,134,134,266,330,329,218,218,218,282,347,378,304,378,361,293,326,315,326,256,378,329,288,
279,218,210,329,320,311,170,261,320,266,362,324,169,284,308,241,350,279,226,354,320,224,314,261,333,185,236,320,220,241,304,175,261,302,193,113,218,169,341,218,241,170,323,261,155,134,149,274,340,320,296,320,354,285,319,308,319,245,355,261,281,
345,294,305,264,359,236,175,177,294,338,299,263,256,283,359,327,126,307,359,177,294,289,207,309,263,236,177,187,359,345,307,284,279,307,279,345,240,317,345,359,236,299,193,279,279,279,241,316,177,359,273,330,263,384,284,345,294,331,129,307,
231,343,378,326,266,329,378,282,378,338,240,345,329,177,364,345,247,367,378,245,345,329,347,240,266,378,300,245,319,199,278,317,216,218,189,263,378,149,127,266,337,329,218,218,218,289,354,378,311,378,367,300,333,322,333,266,378,329,295,
272,333,248,193,276,333,180,333,266,162,294,276,220,295,294,128,298,333,124,294,276,276,162,193,333,241,220,237,148,175,235,128,221,196,189,333,198,242,193,276,276,171,186,174,193,284,333,226,333,298,210,262,242,258,154,333,276,203,
304,262,310,269,304,218,304,162,299,263,239,308,149,315,259,262,304,261,263,241,162,288,248,315,301,262,240,294,224,162,283,336,300,299,304,322,350,310,239,254,305,315,308,207,162,329,262,304,181,189,294,149,240,240,304,299,197,
391,284,213,236,333,234,333,304,177,204,391,304,275,345,391,225,333,177,204,333,304,284,275,259,391,378,345,324,320,345,320,378,286,202,378,391,284,204,204,320,320,320,286,333,290,391,113,345,304,416,324,378,333,223,255,345,
291,344,391,220,391,220,280,359,344,289,262,359,232,189,391,234,359,344,220,269,283,391,316,234,127,276,234,241,263,319,282,280,391,304,333,291,344,344,286,296,289,280,220,391,134,391,202,262,162,234,127,220,391,344,202,
211,284,238,343,304,132,263,288,283,332,236,211,335,284,194,294,215,314,149,207,284,166,283,284,211,232,283,211,170,266,128,322,266,283,70,304,211,170,170,170,248,321,284,283,284,335,264,314,288,299,216,336,211,258,
204,276,304,276,239,203,238,344,291,191,289,344,204,276,247,143,276,239,211,204,171,344,329,289,266,261,289,261,329,215,281,329,344,211,261,128,261,261,261,215,280,215,344,223,295,239,370,266,329,276,296,167,289,
333,320,333,304,227,261,391,308,177,345,391,113,333,269,204,333,304,284,167,246,391,378,345,324,320,345,320,378,286,298,378,391,284,279,204,320,320,320,286,333,189,391,247,345,304,416,324,378,333,313,204,345,
333,210,222,294,276,234,250,294,164,255,333,167,294,276,224,205,193,333,241,220,196,215,118,175,198,274,224,222,333,256,289,238,276,276,231,245,234,189,234,333,220,333,255,162,262,183,202,134,333,276,133,
333,333,243,209,391,304,348,345,391,313,333,199,284,333,322,289,348,335,391,378,345,324,320,345,368,378,333,149,378,391,343,204,293,339,348,341,286,333,362,391,223,345,304,416,324,378,333,113,333,345,
293,294,276,302,163,309,251,220,333,253,294,276,124,282,240,333,296,253,196,288,215,148,278,331,294,293,333,317,345,304,276,276,299,309,302,198,138,333,220,333,170,179,262,137,196,231,333,293,187,
263,277,262,321,263,181,325,304,175,283,239,303,128,189,304,196,262,273,181,216,271,181,179,240,128,311,240,262,132,293,239,127,137,127,232,310,304,264,304,325,248,294,277,288,200,326,239,242,
152,359,263,269,307,359,217,294,167,172,294,263,236,269,250,359,345,307,284,279,307,292,345,247,211,345,359,263,180,185,279,279,279,240,294,284,359,177,307,263,384,284,345,294,232,247,307,
344,239,293,289,344,250,276,129,209,276,265,217,293,279,344,329,289,266,261,289,315,329,277,204,329,344,288,136,222,283,293,285,215,276,308,344,204,289,239,370,266,329,276,204,277,289,
329,359,202,333,391,220,359,344,311,262,283,391,316,189,282,202,234,280,202,241,127,280,391,134,189,283,344,344,241,241,241,280,319,391,274,391,333,262,296,285,296,220,391,344,254,
336,284,262,304,285,263,271,162,310,277,336,323,285,240,317,255,198,306,357,322,321,304,343,370,332,239,280,327,336,329,239,162,350,262,304,181,223,294,189,240,270,304,321,230,
307,359,177,294,299,222,319,263,236,177,187,359,345,307,284,287,307,279,345,240,327,345,359,236,309,209,279,279,279,255,326,177,359,283,340,270,384,293,345,294,341,137,307,
287,345,121,307,289,264,181,211,345,258,202,221,171,155,219,148,236,179,208,345,215,258,211,289,289,187,204,192,208,273,345,211,345,287,193,246,227,243,132,345,289,185,
391,289,359,344,220,314,283,391,327,289,201,320,261,241,309,361,326,325,391,347,373,335,344,344,330,340,333,280,220,391,213,391,202,262,177,234,177,274,391,344,236,
333,259,204,333,304,284,177,246,391,378,345,324,320,345,320,378,286,290,378,391,284,272,204,320,320,320,286,333,202,391,236,345,304,416,324,378,333,305,204,345,
294,276,266,162,193,333,241,220,224,169,158,221,145,234,196,189,333,213,256,194,276,276,185,202,189,189,274,333,220,333,289,196,262,229,245,134,333,276,187,
218,294,272,236,299,285,359,345,307,284,279,307,321,345,283,177,345,359,294,129,231,289,299,292,240,294,314,359,177,307,263,384,284,345,294,187,283,307,
276,239,211,222,202,344,329,289,266,261,289,261,329,215,259,329,344,215,232,120,261,261,261,215,276,243,344,204,289,239,370,266,329,276,276,198,289,
291,254,333,305,266,196,298,229,169,287,340,304,303,333,326,354,314,276,276,309,319,311,213,113,333,220,333,149,196,262,159,196,245,333,303,203,
172,304,196,262,259,181,200,257,181,198,240,128,304,240,262,149,282,239,139,162,143,216,299,304,262,304,314,232,294,264,277,181,315,239,226,
284,194,283,266,211,177,209,211,247,266,189,284,266,283,207,240,211,200,215,203,165,264,284,283,284,280,181,314,216,266,193,284,211,211,
246,391,378,345,324,320,345,320,378,286,327,378,391,284,309,209,320,320,320,286,333,134,391,283,345,304,416,324,378,333,341,204,345,
316,300,258,227,274,258,220,300,170,314,300,316,166,295,187,220,220,220,236,313,246,316,269,327,252,345,279,300,241,328,160,258,
224,202,234,241,202,241,177,280,391,213,256,283,344,344,241,241,241,280,274,391,213,391,289,262,245,234,245,220,391,344,202,
268,211,218,253,311,274,273,378,296,326,284,329,329,279,289,282,263,196,378,127,378,201,240,187,211,134,202,378,329,177,
209,266,127,187,177,208,345,177,211,211,289,289,154,154,154,226,305,345,258,345,320,242,283,272,283,192,345,289,235,
180,192,270,218,216,324,250,285,232,266,266,225,240,229,174,240,324,234,324,261,149,273,189,211,128,324,266,140,
251,310,273,271,320,295,324,283,261,261,278,287,280,166,179,320,241,320,204,138,278,100,218,199,320,271,154,
205,177,208,345,180,226,211,289,289,154,170,154,210,294,345,242,345,309,226,272,258,272,174,345,289,219,
218,179,348,218,241,170,330,261,170,149,167,282,347,320,304,320,361,293,326,315,326,256,362,261,288,
263,378,149,202,266,329,329,218,218,218,263,311,378,266,378,326,250,289,278,289,202,378,329,243,
311,263,280,128,293,215,166,166,166,232,310,286,280,286,325,248,312,277,288,200,326,215,242,
378,391,322,204,270,320,327,320,286,333,341,391,189,345,304,416,324,378,333,134,311,345,
167,266,329,329,218,218,218,266,333,378,289,378,347,278,311,300,311,234,378,329,273,
283,344,344,241,241,241,296,361,391,319,391,373,308,340,329,340,274,391,344,303,
304,211,170,170,170,248,321,284,283,284,335,264,314,288,299,216,336,211,258,
245,299,309,301,215,276,323,344,204,289,239,370,266,329,276,204,293,289,
261,261,261,215,276,231,344,207,289,239,370,266,329,276,285,182,289,
126,84,241,316,320,272,320,330,257,294,283,294,209,332,261,251,
113,256,326,320,282,320,340,270,304,293,304,224,341,261,265,
245,319,320,274,320,333,261,296,285,296,213,334,261,254,
224,286,280,286,245,128,312,174,263,189,286,232,208,
340,220,333,134,207,262,172,196,256,333,310,214,
391,298,354,304,416,324,378,333,355,204,345,
391,213,262,162,234,149,220,391,344,202,
345,304,416,324,378,333,213,266,345,
229,246,196,177,274,345,324,236,
294,149,240,172,304,248,181,
273,187,262,416,370,246,
211,207,324,276,161,
224,378,329,178,
333,276,165,
326,345,
289,
NOTE = 